1045700556 106595
1045701985 102973
1045702855 102781
1045736318 102491
1045736386 102491
1045736558 102491
1045736783 92832
1045791639 92855
1045793114 92878
1045793411 92882
1045793669 92882
1046089139 92882
1046829539 92883
1046830294 92883
1046830669 92916
1047899761 91948
1047901851 91948
1053431458 91950
1053477554 91952
1053603098 91960
1053640272 91961
1053992746 91981
1054810109 91987
1055545802 91986
1055546064 91986
1055547766 99713
1055548361 109703
1056256456 112351
1056300719 112483
1056301359 112529
1056301561 112533
1056584883 112544
1057076833 112548
1057152790 112561
1057509552 112579
1057537356 112605
1058668746 112615
1058670284 112624
1058731137 112628
1059092576 112628
1059099161 112628
1060075126 112628
1060076299 112627
1060171840 112627
1060858901 112640
1060908136 112642
1060909633 112658
1061062666 112657
1061063556 112656
1061064075 112664
1061613683 112664
1061894885 112690
1062202274 112797
1062202327 112828
1062202365 112829
1062202627 112872
1062202906 112177
1062203176 112161
1062371408 112161
1062548477 112208
1062553744 112222
1062553847 112244
1062554809 112246
1062554885 112248
1062559112 112493
1064964739 113246
1064965135 113249
1064965275 113686
1064965803 113688
1065007211 113837
1065139323 114097
1065139448 114098
1065843347 111141
1065847432 111143
1066016229 111143
1066262056 111160
1068249933 111160
1068260804 111219
1068262263 111232
1068262507 111499
1068268332 111504
1068714090 111508
1068714377 111508
1068714824 111524
1068715088 111544
1069279125 111627
1069343015 111626
1069354541 111632
1070071207 111650
1070238489 111651
1070238648 112287
1071632175 112769
1071891096 112769
1072033110 112776
1072070207 110657
1072102397 110662
1072310284 110671
1072369633 110670
1072372939 110665
1072409617 110672
1072469096 110721
1072631788 110807
1072667756 112366
1072707001 112366
1072707891 112367
1072741215 112368
1072750731 112314
1072757210 112377
1072757323 112497
1072757630 112500
1072759064 112500
1072759068 112500
1072759345 112502
1072825121 112649
1072825142 112668
1072825195 112669
1072825371 112692
1072825442 112865
1072825533 112873
1072832683 112935
1072832737 112941
1072833878 112958
1072837796 112979
1072837856 113031
1072837925 113039
1072838276 113039
1072839421 113046
1072839830 113046
1072841620 113046
1072842100 113136
1072846887 113136
1072898792 113336
1072899463 113343
1072932115 113430
1072932185 113439
1072942924 113439
1072942948 113439
1072943035 113439
1072963833 113439
1072987522 113437
1073019613 113483
1073021210 113485
1073022403 113488
1073076764 113491
1073266823 113904
1073278802 113904
1073341292 113904
1073341389 113903
1073346010 113903
1073346073 113904
1073351071 113904
1073433222 113904
1073538023 113365
1073650555 113365
1073697798 113365
1073763504 113371
1073969577 113372
1073970015 113372
1074047023 113379
1074047098 113378
1074049826 113383
1074176489 113476
1074183468 113503
1074197766 113517
1074380779 113517
1074380814 113517
1074380866 113519
1074387949 113528
1074388123 113528
1074539777 113556
1074548979 113551
1074550650 113568
1074615349 113571
1075265224 113575
1075265308 114730
1075265673 113705
1075358800 113766
1075436422 113766
1075437252 113766
1075471757 113764
1075471797 113765
1075519217 113767
1075563194 113767
1075563312 113762
1075652927 113763
1075655552 113780
1075683814 113791
1075777681 113794
1075786239 113796
1075849813 113824
1075850913 113824
1075856032 113824
1075867173 114343
1075867798 114348
1075961172 114422
1075962041 114423
1075962094 114423
1075962335 114428
1075990710 114428
1076018574 114428
1076018661 114453
1076040694 114454
1076084520 114503
1076084700 114505
1076099429 114506
1076100053 114507
1076101033 114511
1076101391 114513
1076104744 114530
1076124500 114538
1076299590 114542
1076299676 114543
1076299734 114544
1076451190 114557
1076601395 114558
1076631238 114563
1076633506 114559
1076634373 114563
1076634690 114566
1076637438 114568
1076637752 114568
1076650567 114569
1076651697 114638
1076706699 114658
1076711475 114894
1076725269 114898
1076725329 114899
1076725969 114901
1076726329 114901
1076726885 114902
1076740808 114903
1076773612 114862
1076775168 114870
1076781813 114860
1076799897 114896
1076828447 114896
1076829164 114910
1076830134 114911
1076830167 115649
1076831048 115681
1076831191 115775
1076831211 115779
1076864089 115779
1076868243 116132
1076988709 116100
1076999233 116210
1077021650 116210
1077034371 116210
1077160236 116239
1077246684 116239
1077737592 116215
1077742589 116251
1077856884 116264
1077857606 116266
1077862608 116200
1077862980 116547
1077896125 116547
1077920422 116442
1078011856 116283
1078026772 116287
1078117804 116335
1078157973 116335
1078160382 116336
1078278558 116351
1078282260 116351
1078374450 116349
1078375130 116376
1078375499 116388
1078438338 116388
1078443662 116384
1078453372 116397
1078493355 116388
1078552530 116388
1078630319 116390
1078630693 116502
1078683642 116518
1078683891 116523
1078710720 116838
1078712942 116871
1078786134 116869
1078840699 117135
1078840792 117134
1078840872 117134
1078860644 117135
1078861902 117137
1078877413 117139
1078881420 117139
1078959355 117141
1079045864 117141
1079157117 117163
1079245609 117162
1079245763 117164
1079245790 117164
1079245853 117149
1079483346 117149
1079499584 117147
1079588800 117231
1079624028 117231
1079624068 117231
1079624134 117233
1079654887 117234
1079802098 117243
1079807125 117332
1079823693 117468
1079823760 117544
1079936766 117605
1079936865 117610
1079961156 117609
1080073715 117613
1080254215 117630
1080333854 117635
1080443199 117652
1080495915 117694
1081470348 117705
1081484003 117698
1081696330 117701
1081696547 117696
1081743128 117771
1082297526 117764
1082341188 118077
1082409612 118085
1082409659 118085
1082868960 118065
1082985617 118145
1083070567 118175
1083091765 118335
1083092904 119303
1083093220 119307
1083104278 119307
1083104302 119309
1083104911 119307
1083118173 119315
1083118620 119327
1083120165 119351
1083188086 119351
1083188098 119457
1083189212 119462
1083192142 119462
1083192162 119466
1083202270 119468
1083205289 119486
1083206054 119891
1083206477 119897
1083208343 119927
1083279945 119931
1083280168 119935
1083282622 119959
1083284345 119965
1083289761 120086
1083365701 120086
1083365718 120096
1083385781 120098
1083386684 120098
1083469249 120098
1083471810 120105
1083471994 120107
1083474142 120144
1083728820 120144
1084486177 120144
1084501774 120144
1084503556 120146
1084569757 120153
1084569765 120153
1084569773 120240
1084569780 120241
1085338669 120248
1085623857 120249
1085623869 120249
1085713923 120249
1085714114 120253
1085714247 120283
1085789613 121380
1085789713 121406
1085794689 121406
1085795242 121447
1085797585 121447
1085857046 121448
1085964401 121511
1085964555 121511
1085964688 123809
1086005708 123807
1086006508 123818
1086131905 123819
1086131938 123823
1086132569 123824
1086137112 123844
1086223532 123916
1086304008 123952
1086390057 123954
1086390092 123959
1086402060 123998
1086406344 123998
1086406381 123998
1086754362 124090
1086754458 124092
1086754530 124092
1086822561 124092
1086826926 124100
1086907701 124107
1087306347 124202
1087767230 124202
1088089546 124277
1088204301 124279
1088204698 124279
1088637846 124282
1088638138 124286
1088733773 124289
1089244787 124291
1089250359 124355
1089430932 124575
1090034072 124577
1091065735 124577
1091065852 124590
1091244399 124590
1091244554 124594
1093383864 124643
1093384140 124698
1093395801 124704
1093396024 124710
1093399145 124715
1093400566 124721
1093400840 124724
1093401466 124724
1093401539 124729
1093485501 124754
1093568308 124838
1093568668 124866
1093571633 124867
1093571659 124868
1093573305 124868
1093643825 124867
1093643834 124864
1093644103 124859
1093644118 124859
1093644251 124860
1093670698 124866
1093670752 124872
1093696417 125019
1093696892 125036
1093744003 125036
1093834323 125304
1093835594 125302
1093836738 125304
1093864865 125305
1093865183 125304
1093865356 125306
1093866898 125309
1094184160 125348
1094184270 125724
1094249550 125762
1094258149 125765
1094616308 125765
1095731185 125769
1095731289 125769
1095732990 125770
1095733911 125768
1095738664 125840
1095741475 125842
1095991361 125853
1095994525 125983
1097093040 125985
1097202631 125991
1097254581 125992
1097582993 125994
1097586838 125996
1097586972 125994
1097990212 126005
1097991617 126007
1097991644 126048
1098234121 126125
1098274905 126133
1098396145 126133
1098396257 126134
1098396688 126129
1098396897 126117
1098396995 126174
1098398996 126172
1098502738 126856
1098502768 126856
1098669599 126856
1098669651 127664
1098670238 127664
1098701724 127665
1098754719 127665
1098886200 127675
1098886318 127680
1098887036 127708
1098887322 127708
1098887794 127722
1099030020 128485
1099030054 128507
1099030098 128650
1099055154 128652
1099117815 128652
1099119419 128666
1099201843 128758
1099309973 128761
1099310265 128779
1099310297 128877
1099366716 128878
1099838794 128885
1099892219 128896
1100833686 128877
1100837544 128881
1100960108 128881
1100961058 128901
1100989250 128901
1100989554 128904
1102810367 128904
1104469909 128903
1104757018 128903
1104983186 128903
1105054030 128472
1105654093 128579
1105654408 128581
1105654544 128582
1105655393 128582
1105655421 128578
1105662712 128578
1105923903 128604
1105933612 128604
1105934083 128605
1105934887 128605
1106023108 128625
1106023236 128653
1106089993 128663
1106345707 128687
1106345883 128688
1106346105 128689
1106346327 128691
1106347616 128699
1106349542 128699
1106676472 128631
1106677209 128630
1106703352 128642
1106790336 128658
1106790572 128658
1106793370 128658
1106793499 129176
1106824782 129249
1106960348 129768
1106960373 129796
1106960493 129796
1106960509 129796
1107007074 129796
1107007099 129797
1107045279 129813
1107047380 129813
1107093905 129821
1107111669 129822
1107309544 129822
1107309569 129822
1107383826 129842
1107991922 129930
1107992059 130289
1107992170 130347
1107994775 130353
1109167517 130372
1110493361 130454
1110493964 130454
1110494029 130584
1110495414 130718
1110593163 130723
1110593361 130728
1110593824 145916
1110725987 146182
1110771673 146774
1111365310 146774
1111373182 147344
1111373859 147349
1111972920 147349
1117077929 147353
1117078348 147360
1117825395 147362
1118194465 147362
1118230428 147364
1118230461 147366
1118234203 147367
1118234268 147368
1118268154 147368
1118268222 147508
1118268236 147547
1118464656 147661
1121719810 147662
1121720090 147670
1121720403 147675
1121720515 147711
1121720794 147716
1121720944 147730
1121721264 147727
1121724558 147746
1121725146 147750
1121725372 147388
1121725472 147388
1122005291 147395
1122006619 147462
1122130737 147716
1122221960 147716
1122481700 147725
1122835691 147726
1123125836 147859
1123194268 148036
1123194278 148037
1123281087 148037
1123281092 148037
1123281098 148037
1123281220 148037
1125980160 148041
1125981049 148045
1125981070 148062
1128993286 148134
1128993350 148283
1133496947 148283
1133497060 148283
1133566194 148293
1133830912 148325
1133996169 148326
1134134399 148326
1134134403 148326
1134134463 148326
1136214741 148326
1136217108 148326
1136231365 148326
1136237759 148332
1137328178 148351
1137375297 148561
1137466045 148627
1137466074 148639
1137557518 148653
1138573992 148652
1141085105 149521
1141341977 149550
1141421623 149694
1141422355 149729
1141603639 149727
1141605324 149743
1141800041 149765
1141800100 149767
1142094632 149938
1142112501 150421
1142127829 150422
1142128550 150489
1142291316 150489
1142301812 150409
1142303388 150406
1142303585 150421
1142303634 150436
1142341464 150477
1142485526 150539
1142894661 150539
1142895042 150544
1142907299 150546
1142907337 150548
1142908407 150548
1142920716 150548
1142920797 151032
1142921805 151035
1142921810 151079
1142921839 151079
1142949548 151094
1142949928 151106
1142962497 157457
1142963974 157671
1142976319 158137
1142976440 158279
1142980831 158279
1142980898 158283
1142980999 158814
1142983575 158829
1142983774 158774
1142983916 158773
1142984700 158748
1142984771 158747
1142984822 158747
1142986798 158874
1142998491 158877
1142999252 158877
1142999269 158877
1142999341 158936
1143027093 158937
1143027230 158937
1143027564 158962
1143027831 159048
1143027915 159050
1143028087 159055
1143028255 159127
1143028295 159127
1143028634 159121
1143031249 159120
1143032695 159120
1143032841 159126
1143032927 159127
1143033190 159131
1143034049 159131
1143034127 159130
1143034269 159130
1143034399 159129
1143035087 159130
1143035230 159130
1143047435 159131
1143047446 159131
1143047891 159119
1143067769 159122
1143068530 159156
1143069271 159653
1143073424 159650
1143073965 159650
1143078407 159652
1143080356 159652
1143082066 159652
1143082279 159663
1143082631 159664
1143082804 159664
1143087676 159664
1143087703 159664
1143088042 159665
1143088093 159734
1143089662 159734
1143089753 159745
1143089773 159745
1143090677 159742
1143090921 159742
1143091036 159737
1143092787 159737
1143093206 159737
1143093875 159737
1143116634 159737
1143135166 159742
1143159715 159750
1143159937 159888
1143160024 159888
1143160137 159924
1143160248 159928
1143160332 159926
1143165946 159120
1143167094 159120
1143235281 159116
1143238890 159122
1143239243 159222
1143239891 159582
1143240159 159582
1143240433 159587
1143248097 159583
1143256656 159584
1143262136 159586
1143262386 159649
1143299596 159649
1143301507 159649
1143318148 160626
1143320365 160631
1143322721 160638
1143323481 160642
1143325934 160662
1143327874 160663
1143336916 160673
1143353221 160706
1143355555 160714
1143384334 160722
1143394787 160722
1143426285 160724
1143429531 160725
1143432963 160619
1143462483 161015
1143466113 161016
1143497624 161025
1143497718 161023
1143497779 161023
1143497786 161023
1143499954 161029
1143500710 161035
1143514668 161035
1143514792 161036
1143514826 161035
1143517349 161035
1143520159 161149
1143520657 161155
1143588314 161161
1143588353 161171
1144204562 161171
1144204645 161686
1144206097 161686
1144206217 161687
1144206328 161704
1144206583 161528
1144207023 162650
1144207278 163750
1144210935 163751
1144272626 163758
1144272736 163795
1144273425 163787
1144278189 163809
1144282772 163803
1144284886 163806
1144285128 163806
1144290835 163807
1144290890 163807
1144646306 164126
1144708326 164125
1144714782 164165
1144720128 164169
1144720903 164169
1144774466 164232
1144774509 164232
1144774704 164228
1144774768 164326
1144774813 164351
1144788875 164352
1144792379 164370
1144793559 164682
1144797847 164772
1144811844 164986
1144812586 165015
1144815842 165086
1144844488 165086
1144844549 165927
1144844585 165927
1144844619 165929
1144845854 165929
1144845862 165939
1144845895 165939
1144847795 165969
1144882262 165939
1144882515 165962
1144882524 165962
1144882686 166471
1144899233 167384
1144899912 167408
1144928839 170450
1144932937 170454
1144933142 170455
1144933299 170459
1144933495 170468
1144934104 170968
1144934525 170905
1144934667 170910
1144934771 170910
1144935000 170910
1144935227 171320
1144936472 171322
1144937557 171386
1144971939 171388
1144971983 171387
1144972019 171388
1144972076 171406
1144977387 171604
1145017957 171606
1145017997 171630
1145018102 171631
1145019606 172870
1145020261 172901
1145020447 172901
1145031855 172900
1145050429 172900
1145058516 172956
1145059784 172956
1145071926 173853
1145073625 173929
1145150896 173943
1145158616 173918
1145235879 173919
1145238587 174027
1145250270 174884
1145377019 174891
1145377246 174866
1145378458 174792
1145378952 174537
1145379295 174454
1145485987 174465
1145486062 174486
1145486206 174534
1145493541 174525
1145503387 175528
1145585534 175544
1145653386 175544
1145653449 175545
1145653500 175546
1145729365 175745
1145729394 175745
1145731052 175774
1145811451 175773
1145824874 175778
1145855104 175783
1145855410 175783
1145916123 175782
1145916130 175802
1146004837 175832
1146088064 175634
1146088067 175704
1146088815 175704
1146105291 175782
1146108158 175787
1146108165 175790
1146193754 175883
1146267870 175886
1146330336 175887
1146336236 175890
1146371335 175890
1146520066 175944
1147572496 175980
1147648943 175980
1147654471 176495
1147655316 176491
1147668497 176491
1147817734 176491
1148146908 176560
1148150258 176566
1148152826 176591
1148155485 176646
1148183564 176647
1148186190 176651
1148870031 176669
1148875418 176782
1148875775 176780
1149305565 176780
1149305624 176782
1149564760 176784
1149823893 176794
1149908857 177481
1149992656 177490
1149992751 177500
1149992878 177471
1150858318 177476
1150983964 177480
1151277714 177483
1151292173 177528
1152015391 177545
1152016920 177485
1152238554 177487
1152244912 177488
1152386179 177451
1152386257 177451
1152386636 177471
1152531507 177477
1152792341 177574
1152906454 177575
1152906720 177572
1153363919 177611
1153688489 177614
1153723374 177753
1153889912 177965
1153937595 177966
1154435580 177977
1154533315 177992
1154533671 178025
1154534117 178025
1154543542 178029
1154582314 178031
1154582367 178037
1154582668 178051
1154582719 178289
1154695222 178282
1155173682 178325
1155227235 178337
1155313369 178347
1155560010 178349
1155561833 178361
1155610242 178365
1155610872 178366
1155613001 178367
1155871857 178846
1155872696 178891
1156119828 178892
1156180761 178899
1156181232 178900
1156202300 178901
1156202328 178917
1156256856 178919
1156256973 178925
1156257182 178927
1156263255 179463
1156278368 179463
1156281646 179466
1156286797 179468
1156292912 179471
1156294084 179477
1156296629 179477
1156300870 179477
1156371572 179603
1156386669 179605
1156652075 179606
1156729653 179660
1156891459 179888
1156901845 179888
1156905733 179983
1156906948 179989
1156907679 179991
1156907765 180017
1157076469 180061
1157113436 180100
1157113484 180096
1157147907 180125
1157147999 180144
1157148170 180125
1157149492 180125
1157198071 180135
1157295666 180135
1157295840 180180
1157372224 180193
1158116380 180205
1158118050 180205
1158118219 180205
1158118351 180210
1158202941 180216
1158726392 180229
1158726421 180276
1158811635 180373
1158812389 180382
1158874291 180390
1158894862 180452
1158901472 180452
1158966416 180450
1158966450 180452
1159133029 180454
1159135266 180489
1159135796 180491
1159137852 180499
1159150428 180505
1159150548 180509
1159150614 180514
1159224916 180585
1159224942 180585
1159225356 180580
1159269922 180580
1159391186 180607
1159507478 180615
1159642086 180613
1159645411 180654
1159663290 180654
1159665448 180766
1159670653 180766
1159712814 180772
1159754791 180888
1159755534 180888
1159758913 180887
1159764695 181146
1160074618 181157
1160159655 181158
1160182170 181160
1160182204 181160
1160317887 181160
1160354124 182656
1160354468 182656
1160355188 182656
1160454948 182792
1160477302 182792
1160477352 182793
1160477398 182791
1160477482 182790
1160477508 182786
1160529456 182786
1160620669 182797
1160620891 182869
1160621191 182869
1160708645 182869
1160738303 182873
1160785877 182877
1160786337 182883
1160799443 182890
1160873109 182894
1160893243 182897
1161042084 182903
1161051681 182914
1161052110 182992
1161086814 183056
1161100882 183063
1161151197 183073
1161171161 183104
1161206543 183104
1161222841 183104
1161229790 183104
1161285777 183134
1161297755 183134
1161297760 183137
1161297765 183147
1161297769 183150
1161297775 183150
1161297782 183150
1161303064 183150
1161314758 183150
1161386391 183150
1161398081 183151
1161441110 183181
1161441510 183183
1161442129 183190
1161443404 183193
1161813205 183190
1162128956 183190
1162153133 183191
1162520792 183191
1162677428 183194
1162690033 183310
1162690852 183350
1162786409 183405
1162992224 183409
1163049204 183475
1163183291 183477
1163195813 183552
1163195865 183555
1163256329 183555
1163454493 183559
1163454656 183569
1163482182 183569
1163512595 183484
1163559443 183475
1163646081 183469
1164944217 183471
1165029081 183488
1165035510 183530
1165075401 183537
1165167120 183541
1165296149 183537
1165314592 183550
1165417817 183529
1165428087 183535
1165497032 185026
1165498569 185034
1165513323 185037
1165530830 185036
1165530834 185036
1165533562 185039
1165698697 185064
1165762098 185064
1165975336 185221
1165975399 185230
1165977036 185229
1165977172 185266
1165977189 185268
1165977651 185268
1165978307 185468
1166048019 185477
1166049775 185491
1166056587 185491
1166056668 185493
1166059603 185494
1166061234 185495
1166061300 185486
1166076526 185487
1166077717 185506
1166163333 185507
1166327957 185508
1166330514 185571
1166333316 185607
1166420610 185607
1166420928 185610
1166713264 185616
1166738593 185616
1166738630 185629
1166755573 185629
1166762878 185681
1166763198 185679
1166763551 185724
1166763922 185724
1166895003 185724
1168302635 185725
1168352186 185740
1168548955 185748
1168805978 185875
1168841609 185891
1168842717 185895
1168867460 185915
1168867526 185920
1168867603 186000
1168971197 186051
1168971300 186075
1168990151 186892
1169071225 186889
1169071234 186896
1169245874 187398
1169246011 187488
1169298271 187474
1169298317 187553
1169299722 187558
1169301087 187584
1169429274 187585
1169864187 187591
1170045010 187848
1170364243 187848
1170385046 187865
1170389347 187865
1170391757 187886
1170392469 187887
1170393655 187888
1170464733 187917
1170471674 187976
1170475961 187994
1170482108 188403
1170552760 188302
1170556154 187065
1170557098 187065
1170631213 187229
1170637865 187229
1170643354 187229
1170726329 187229
1170740439 187233
1170789932 187326
1170790039 187328
1170790153 187356
1170790722 187360
1170790856 187371
1170791206 187371
1170796093 187371
1170908553 187373
1170908658 187373
1170909115 187373
1170909146 187275
1170915815 187288
1170917069 187288
1170971885 187353
1170973209 187382
1170973848 187382
1170975146 187399
1170980087 189440
1170980279 189440
1170992974 189440
1170995585 189442
1171082689 189447
1171123628 189477
1171126142 189461
1171126652 189462
1171135298 189467
1171144745 189499
1171144764 189709
1171250852 189712
1171254121 187895
1171341847 187913
1171516370 187914
1171518514 187916
1171544688 187917
1172199945 187924
1172200024 187925
1172249958 187938
1172297336 187982
1172557938 187992
1172604825 187998
1172875089 188000
1172978279 187728
1172980015 187786
1173420192 187617
1173485678 187617
1173495980 187616
1175823781 187616
1175823788 187615
1175823793 187615
1175823796 187617
1175823848 187667
1175823887 187668
1175831127 187669
1175965574 187704
1175996671 187715
1175998798 187715
1175999283 187716
1176167641 187800
1176257638 187815
1176289952 188990
1176346885 188997
1176952038 188634
1177068672 189613
1177071196 189881
1177108775 189880
1177123435 189880
1177125429 189886
1177174845 189910
1177175002 189903
1177178570 189906
1177182046 189964
1177188096 190119
1177190515 190124
1177212787 190162
1177647471 190162
1177770774 190150
1177990173 190481
1178056333 190480
1178056394 190482
1178074230 190495
1178075878 190499
1178245269 190499
1178248608 190488
1179353948 190492
1179376759 190514
1179883311 190514
1180044041 190526
1180044413 190546
1180114823 190552
1180115011 190553
1180116773 190581
1180120085 190589
1180437539 190588
1181421289 190639
1181699400 190640
1181699469 190670
1182995190 190700
1183068929 190702
1185931774 190702
1185934309 190721
1185934564 190735
1185935897 190747
1185936305 190751
1185936593 190752
1185936726 190770
1185936845 190771
1185937156 190771
1185937389 190773
1186082911 190776
1186162893 190776
1186262418 190776
1186263655 190788
1186281396 190788
1186330508 190807
1186357226 190849
1186360657 190847
1186364133 190854
1186364735 190865
1186366186 190885
1186366710 190878
1186374637 190880
1186374660 190880
1187322684 190919
1187353569 190922
1187384809 190935
1187547951 190947
1187750568 190947
1187750625 191200
1187753025 191209
1188126866 191211
1188864519 191594
1188866422 191414
1188988744 191925
1188988841 192366
1189118696 192370
1189121743 192371
1189290438 192372
1189290711 192372
1189291091 192372
1189291711 192376
1189292058 192398
1189292975 192414
1189293934 192422
1189294109 192426
1189294470 192419
1189529678 192420
1189633999 192419
1189634003 192419
1189634007 192590
1189638327 193557
1189638417 193557
1189638469 194755
1189639864 194787
1189640569 194787
1189648301 194787
1189807667 194787
1190029409 194787
1190233934 194787
1190606575 194792
1190608630 194794
1191541775 194797
1191675376 194808
1192912111 194824
1192930170 194828
1192932136 194905
1192932272 194905
1193108640 194911
1193192633 194914
1193966712 194908
1193967654 194905
1193972216 194903
1193973166 194919
1193975737 194882
1193977273 194923
1194011620 194914
1194146527 194988
1194166355 194990
1194213686 195112
1194301623 195112
1194683350 195120
1194683721 195120
1194827682 195150
1194895673 195150
1194895767 195152
1195013863 195153
1195349757 195155
1195435090 195158
1195489177 195164
1195710611 195169
1195798158 195170
1195850387 195173
1195851238 195174
1195852679 195174
1195853601 194921
1195866365 194931
1195942369 194935
1195942752 194936
1195949856 194943
1195949865 194944
1195958194 195008
1195958410 195008
1195958817 195024
1195958878 197402
1196142086 197410
1196402050 197410
1196403724 197414
1196404421 197414
1196436553 197426
1196437225 197428
1196567844 197430
1196568644 197430
1196569446 197433
1196570691 197438
1196585092 197444
1196588140 197444
1196668697 197447
1196671156 197465
1196756657 197480
1197136732 197492
1197182234 196936
1197189352 197612
1197249495 197680
1197251244 197689
1197257395 197689
1197259573 197708
1197259773 197706
1197337243 197683
1197337713 197683
1197349941 197691
1197523761 197691
1197566266 197691
1197958106 197693
1198030014 197693
1198107583 197693
1198239337 197696
1198289057 197696
1198631810 197706
1198635277 197711
1198686233 197711
1198686370 197712
1199317512 197713
1199331047 197694
1199331145 197698
1199336519 197701
1199403963 197713
1199404269 197927
1199404852 299121
1199409117 197970
1199418907 197970
1199475536 198076
1199476405 198083
1199476689 198091
1199479038 198093
1199494924 198093
1199495694 198076
1199511428 198077
1199562403 198073
1199566400 198086
1199567249 198079
1199572712 198076
1199573551 202596
1199578541 202618
1199583390 202631
1199592790 175528
1199597148 175529
1199597999 175530
1199654065 175540
1199656345 175544
1199665375 175597
1199672001 175584
1199675258 175584
1199677458 175589
1199679217 175604
1199753427 175894
1199764712 175895
1199803677 175908
1199935849 201871
1199936296 201945
1199937316 201956
1199937419 202061
1199937993 202083
1199939579 202129
1199943321 202667
1199985013 202735
1199985017 202735
1199986183 202826
1199986474 202827
1199986527 202830
1199988674 202830
1199991454 203011
1199991910 203016
1199993823 203016
1199994004 203016
1199994385 203019
1199994481 203019
1200007027 203030
1200011170 203030
1200011564 203040
1200014528 203040
1200083567 203043
1200090199 203105
1200092525 203117
1200092999 203119
1200098677 203134
1200107463 203142
1200203483 202992
1200203727 202996
1200329736 202996
1200349140 202996
1200363047 202996
1200417511 202996
1200417518 202995
1200435475 203047
1200435766 203047
1200436815 202525
1200436883 202519
1200437143 202393
1200438022 202478
1200438066 202478
1200452241 202426
1200453334 202426
1200453646 202432
1200484708 202432
1200971843 202433
1201044843 202431
1201556276 202440
1201649804 202440
1201735626 202671
1201737405 202742
1201737456 202742
1201742589 202760
1201763481 202765
1201817814 202765
1201817847 202780
1201824008 202780
1201867551 202780
1201867554 202780
1201867558 202822
1201867560 202823
1201867605 203904
1201867718 203904
1201906601 203904
1201906633 203906
1202604503 203906
1203702403 203909
1204031766 203925
1204126010 203910
1205556528 203910
1205678038 203872
1206335828 203874
1206920008 203888
1206986082 203892
1207152406 203892
1208096137 204041
1208100560 204058
1208102799 204103
1208103421 204110
1208104055 204115
1209402552 204123
1209402613 204138
1209418677 204153
1210176542 204155
1211275877 204158
1212005713 204165
1212377616 204165
1215285445 204166
1215285578 204167
1215541616 204436
1215658245 204436
1217734881 204482
1217986962 204482
1218920627 204482
1219184804 204498
1219368987 204498
1221164714 204501
1221165159 204578
1222210662 204609
1222210820 204611
1222210965 204618
1222211251 204717
1222740976 204723
1222814186 204761
1222814246 204799
1222814297 204809
1222814348 204811
1222814374 204820
1222814413 204829
1222821818 207989
1222830813 208009
1222960398 208009
1223925577 208009
1223925606 208009
1223925679 208019
1223925722 208017
1223925836 208052
1223927199 208052
1223927973 208052
1224553883 208048
1224631720 208049
1226378269 208051
1227111784 208060
1227407573 208071
1227567076 208073
1227582478 208210
1227582488 208210
1227620948 208231
1227621055 208268
1227624635 208264
1227802288 208272
1227803791 208274
1227828839 208281
1227843173 208281
1227843305 208281
1227843353 208720
1227844170 208747
1227844216 208747
1227844319 208747
1227880429 208747
1227880877 208753
1227885034 208761
1227931873 208769
1227963144 208986
1227964836 208991
1228012678 208998
1228020255 208999
1228053042 209010
1228053354 209016
1228338911 209016
1228348154 209023
1228440176 209380
1228440194 209384
1229122180 209086
1229122248 209096
1229803205 209205
1229803324 209261
1229803476 209283
1229805863 209289
1229807280 209289
1229810737 231857
1229810791 231861
1229811193 231863
1229811231 231881
1229832939 231882
1229833069 231882
1230088022 231882
1230094354 231884
1230094480 231885
1230095012 231885
1230124467 231894
1230351657 231822
1230351759 231818
1230391316 231824
1230391385 231839
1230395403 231861
1230397066 231862
1230400239 231864
1230403432 231866
1230404137 231866
1230404543 231866
1230404764 231865
1230413074 231888
1230607092 231976
1231419098 231976
1231623178 231976
1231623875 232010
1231625179 232021
1231686481 232025
1231963014 232027
1231963401 232046
1232761000 232042
1234058166 232042
1234292603 232002
1234297586 232002
1234297664 232030
1234914974 232061
1235154992 294075
1235156196 293694
1235183366 232064
1235183368 232064
1235238467 232067
1235238714 232158
1235766031 232154
1235774996 232154
1236286001 232155
1236286171 232157
1236363582 232158
1236498780 232168
1237956286 232283
1237960843 232288
1238531582 275420
1238589350 232301
1238589376 232307
1238697253 232691
1238721283 233709
1238726711 233909
1238726712 233909
1238964089 233909
1238965777 233924
1238966991 233925
1238972476 233926
1238972727 233931
1239342726 233998
1239941331 234116
1240181427 234117
1240181598 234118
1240364686 270581
1240369129 276838
1240573406 269658
1241057625 269656
1241508274 269711
1242355592 269711
1242530518 269733
1243130172 269833
1243594675 269836
1243594789 269919
1243594991 269920
1243595026 269920
1243595097 269924
1243595169 269922
1243595205 265763
1243595312 266137
1243595680 266121
1243596567 266124
1243596921 266126
1243596993 266160
1243597598 266165
1243911958 266010
1243912184 263754
1244081488 263764
1244260166 263763
1244394776 263756
1244476926 263831
1244477528 263831
1244491087 263892
1244504188 263893
1244517168 263898
1244548712 263893
1244596529 270183
1244596695 270183
1244597007 270184
1244597290 270182
1244597342 270199
1244598099 270221
1244598416 270234
1244598515 270257
1244599067 270242
1244654185 270202
1244679039 270202
1244907166 270861
1244909551 270866
1244917480 270892
1244917570 270895
1244924289 270987
1244924666 270987
1244929065 270997
1245197466 271006
1245981273 266621
1245981408 266549
1245981493 274682
1246058875 274590
1246058933 274590
1246539480 275338
1246890093 275269
1246890125 275270
1248677489 275270
1248904084 275327
1248993772 275334
1249091581 275334
1249415457 275338
1249416392 275372
1250199776 275420
1250203154 275420
1251576193 275420
1252927250 275420
1252927343 275420
1256785037 275488
1256785082 275530
1256785123 275531
1256814456 275614
1256817293 275753
1256817365 275753
1256817610 275756
1256817795 275764
1256902507 275774
1257218669 275783
1257218707 275806
1257218883 275808
1257288977 275807
1257288998 275608
1257289046 275608
1257289141 275607
1257295627 275596
1257473533 275597
1259028996 275637
1259029125 275607
1259187603 275613
1259187764 275613
1259300078 296986
1260213528 275655
1260750761 275655
1261411039 275935
1261411918 275935
1261966296 275963
1261974183 276816
1261974251 277076
1262393128 275967
1262402508 277783
1262405488 275968
1264787143 277902
1264787890 277903
1264972878 277947
1265046501 277952
1265046858 277954
1265068288 277954
1265486016 277960
1265486276 277960
1265486296 277961
1265505653 277960
1265506049 277962
1265506230 277968
1265543234 278260
1265770824 278140
1266082895 278168
1266083014 278176
1266326254 278262
1266338640 278260
1266599090 278260
1266816937 278264
1266895457 278341
1266969280 278341
1266969851 278347
1267028155 278348
1267028175 278360
1267031407 278412
1267415902 278412
1267450744 285008
1267468437 278412
1267539946 278410
1267540017 278415
1267555261 278415
1268090525 278440
1268153584 281998
1268153687 282025
1268154179 282506
1268154259 282509
1268154282 282509
1268154857 282508
1268155247 282509
1268172283 282510
1268172352 282518
1268172417 282518
1268173989 282518
1268174585 282516
1268179129 284437
1268179289 284451
1268244926 284497
1268244965 284527
1268270360 284528
1268274697 284527
1268275379 284678
1268275569 284678
1268278041 284687
1268278611 284688
1268278647 284688
1268309722 284687
1268309971 284687
1268313299 284687
1268489286 284660
1268489423 284592
1268499129 284504
1268586148 284592
1268586243 284603
1268586309 284619
1268586391 284619
1268586446 284619
1268586517 284499
1268587502 284499
1268587556 284517
1268587607 284520
1268587685 284519
1268587733 284510
1268587782 284512
1268587835 284499
1268587894 284507
1268898873 299136
1268966579 284518
1268966642 284518
1268978637 285105
1268978689 285122
1269466697 284520
1269466815 284795
1270140706 284795
1270140849 284796
1270177868 284802
1270249587 284801
1270316807 285009
1270325372 285036
1270325498 285037
1270325654 285037
1270328799 285008
1270331562 285126
1270333871 285180
1270338908 285180
1270399912 285181
1270510719 285183
1271031947 285159
1271449059 285136
1272049579 285178
1272050883 285181
1272056233 285202
1273028651 285213
1273461937 285213
1273509614 285345
1273509615 285376
1273509616 285351
1273528921 285357
1273588526 285362
1273589737 285501
1275509318 285502
1275509322 285524
1275509391 285527
1275510255 285529
1275511085 285535
1275511091 285531
1275511098 285526
1275511195 285526
1275511201 285524
1275511206 285524
1275511212 285524
1275511216 285528
1275511228 290220
1275604288 290220
1275706554 290217
1275738346 290217
1275777999 290217
1275778071 290218
1275862748 290629
1275862943 290693
1275863059 290849
1280876842 290860
1281432352 290870
1281841994 290870
1281850031 290882
1281850831 290886
1281851912 290886
1281852450 290893
1281913326 290894
1281914419 290897
1281914473 290926
1281914791 290923
1281914958 290920
1282664390 290907
1282671032 290853
1282671037 290865
1282671040 290859
1282757635 290850
1282757636 290850
1282757638 290850
1282758371 290821
1282961838 290819
1282961864 290818
1283363020 290837
1283363061 290985
1283363655 290994
1283368162 291000
1283368463 291016
1283916599 291034
1283996133 291032
1283996159 291023
1284044712 291024
1284045133 291027
1284098011 291041
1284129023 291038
1284245686 291039
1284429801 291042
1284499899 291082
1284500919 291082
1284942690 291090
1284961375 291092
1285780208 291092
1285788044 291093
1285788113 292836
1285792573 292896
1286660091 293633
1286660246 293644
1287586538 314965
1287612192 314912
1287612571 308598
1287616732 314947
1287617456 314965
1287618821 314968
1287739079 314973
1287746331 314977
1287778971 314964
1288560147 314891
1288731936 315206
1289153345 292898
1289159755 292975
1289338087 315344
1290742088 293722
1290920858 293728
1291124272 315337
1291141938 315343
1291144141 315367
1291398746 315522
1291686448 293631
1291697721 293737
1291741115 293805
1291756674 296986
1291847548 293747
1291910327 293813
1291911243 293750
1291911368 293750
1291911731 293750
1291911870 293749
1291918425 293754
1291919272 293754
1291919606 293756
1291919937 293756
1291920306 293754
1291920532 293752
1291920655 293753
1291920721 293755
1291920793 293757
1291921565 293757
1291921624 293759
1291921866 293758
1291922267 293777
1291922855 293759
1291922969 293761
1291923899 293769
1291924330 293773
1291924651 293777
1291926466 293777
1291927017 293777
1291927555 293777
1291940772 293698
1291941061 293764
1291941787 293769
1291945640 293763
1291946017 293808
1292048750 293658
1292126576 293658
1292129220 293662
1292131728 293672
1292548866 293694
1292552348 293739
1292814051 293763
1292853410 293878
1292878128 293878
1292936651 293879
1293010407 294010
1293025659 293996
1293029565 293996
1293042426 293996
1293051857 294009
1293052288 294008
1293097543 294010
1293104229 294012
1293104474 294019
1293125510 293988
1293126090 294032
1293187139 293988
1293187308 293983
1293188228 293988
1293191293 293992
1293242699 294037
1293307003 294040
1293308039 294038
1293402094 294036
1293406186 304527
1293406243 293958
1293409403 293928
1293465575 294036
1293466176 293959
1293466353 294034
1293466468 293961
1293469954 293959
1293500395 293933
1293563098 299065
1293569190 294009
1293820999 296846
1293821044 296847
1293983910 299050
1294123133 293935
1294123169 293939
1294123841 293939
1294123890 293992
1294260984 293995
1294443846 294016
1294447189 294075
1294447811 294017
1294457983 294019
1294589531 299065
1294626272 294045
1294643091 294049
1294643221 294089
1294780739 294103
1295035545 294083
1295089112 334151
1295737852 294273
1295745636 294273
1295745971 294271
1295759745 294083
1295761331 294084
1295765213 294271
1295802557 296975
1295803733 296851
1295821761 294245
1295822738 294180
1295864102 294180
1296164966 294179
1296187966 294179
1296188403 294179
1296188713 294183
1296389010 297178
1296488236 294190
1297362917 294183
1297444609 297178
1297638168 294303
1298127325 294183
1298255245 294183
1298592202 294183
1298614907 294188
1299401573 297046
1299466353 294253
1299794710 294254
1299989592 296975
1300810819 297046
1300825931 297049
1300825963 297127
1300826610 297144
1300834206 297155
1300865738 297219
1300886705 297155
1300917148 299062
1301153283 297157
1301155632 297155
1301155980 297145
1301155981 297207
1301155993 297232
1301182590 297247
1301183326 297205
1301183575 297198
1301183665 297247
1301184263 297226
1301184396 297246
1301187106 297233
1301187906 297237
1301188347 297232
1301252055 297227
1301254439 297232
1301267686 297218
1301547880 297130
1301645198 297107
1301786179 297178
1302046346 297107
1302047134 297160
1302047940 297177
1302048040 297156
1302048252 297166
1302048433 297165
1302048476 297164
1302048516 297165
1302050186 297107
1302115316 297106
1302119041 297105
1302123992 297099
1302125289 297093
1302187131 297102
1302298776 297106
1302500526 297106
1302504529 297105
1302508735 297133
1302508797 297130
1302509021 297131
1302509118 297130
1302509858 297130
1302651982 297134
1303152822 296863
1303164894 296868
1303165138 296862
1303168505 296874
1303309777 296883
1303313349 296873
1303316627 296878
1303317710 296889
1303330605 296860
1303338120 296867
1303340997 296867
1303347357 296867
1303347594 296867
1303350106 296845
1303350944 296787
1303350972 296773
1303398973 296754
1303399981 296746
1303493900 296779
1303559817 296779
1303562191 296789
1303565552 296786
1303565729 296786
1303569293 296737
1303569354 296740
1303570147 296747
1303573443 296781
1303574173 296743
1303575619 296740
1303576972 296737
1303577062 296728
1303577795 296729
1303577902 296729
1303604069 296744
1303607841 296729
1303610019 296725
1303610475 296725
1303639010 299063
1303646706 296725
1303664350 296731
1303664351 296739
1303667499 296739
1303736671 296739
1303742304 296737
1303742479 296735
1303742491 296714
1303742864 296704
1303743019 296691
1303743633 296717
1303743983 296670
1303747590 296696
1303749424 296698
1303750276 296695
1303750646 296659
1303751199 296679
1303751302 296665
1303751693 296638
1303757095 296690
1303773040 296708
1303773549 296672
1303776922 296701
1303777855 296574
1303818159 296584
1303823219 296585
1303831801 296587
1303841944 296759
1303845211 296559
1303845280 296583
1303845943 296582
1303848153 296560
1303848601 296609
1303854387 296632
1303855113 296635
1303857419 296733
1303863347 296705
1303863859 296703
1303932048 296688
1303932904 296659
1303933927 296678
1303936701 296659
1303936840 296658
1303948819 296574
1303949206 296574
1303949511 296523
1303950256 296465
1303950413 296467
1303950983 296465
1303951669 296458
1303952744 296458
1303953210 296458
1303953376 296455
1303953412 296448
1303953511 296444
1303953576 296448
1303954182 296432
1303997783 296432
1303997952 296422
1303998443 296420
1303998603 296418
1303999598 296414
1303999673 296415
1304011987 296390
1304086836 296401
1304091996 296537
1304092471 296567
1304093445 296603
1304093966 296486
1304097623 296474
1304138454 296591
1304167007 296598
1304167165 296584
1304167371 296585
1304167555 296588
1304167817 296588
1304168117 296581
1304168403 296585
1304168819 296585
1304169485 296581
1304170064 296581
1304171068 296584
1304171934 296577
1304173239 296260
1304173240 296245
1304178643 296522
1304191748 296256
1304203201 296254
1304205202 296253
1304288947 296256
1304288963 296256
1304304690 296303
1304305665 296306
1304307596 296306
1304345479 296307
1304378081 296307
1304434435 296310
1304446819 296310
1304454002 296360
1304454206 298227
1304454207 298254
1304454218 298493
1304457649 298223
1304460525 298460
1304474708 298493
1304549231 298585
1304554297 298497
1304558311 298585
1304559791 298557
1304572542 298597
1304625108 298589
1304625950 298835
1304625951 298924
1304846576 298711
1304851201 298702
1304872725 298835
1304878371 298887
1304889288 298924
1304922911 298939
1304927439 298941
1305034197 298941
1305243846 298943
1305243966 298899
1305245967 298930
1305246092 298943
1305246213 298936
1305247739 298937
1305249394 298901
1305293494 298908
1305293495 298914
1305330050 298900
1305330387 298904
1305330856 298892
1305332849 298890
1305333101 298891
1305506486 298874
1305590190 298874
1305629041 298876
1305633432 301408
1305644993 299063
1305676454 298884
1305825223 298893
1305843353 298896
1305854604 298937
1305866400 299061
1305867734 299073
1305905485 299073
1306096341 314884
1306181236 299132
1306271735 299114
1306271736 299114
1306271737 299273
1306271739 299259
1306271741 299114
1306271743 299114
1306321651 301408
1306323905 299122
1306343769 299124
1306522839 301411
1306524535 301408
1306868891 301408
1306963540 301402
1306964045 301335
1307180536 301409
1307416912 301318
1307645504 301369
1307813478 301878
1307900637 301877
1307916501 301874
1307916593 301864
1307916820 301847
1307916934 301844
1308266385 301844
1308281153 304867
1308332170 304867
1308345857 304884
1308516082 304886
1308516917 304885
1308517932 304886
1308518334 304888
1308538286 304899
1308538341 304908
1308539939 304862
1308542708 304863
1308542924 304866
1308546000 304887
1308699617 304902
1308700538 304893
1308707591 304900
1308708715 304877
1308709220 304877
1308709768 304878
1308710067 304868
1308715027 304869
1308717395 304869
1308764471 304870
1309068581 304870
1309113153 304870
1309301231 304875
1309379924 304869
1309543509 304802
1309732303 304846
1309734155 304854
1309738813 304787
1309801982 306571
1309814105 306658
1310188298 304518
1310444124 306546
1310482959 306658
1310512737 304493
1310535944 306699
1310536465 306698
1310549444 306651
1310552645 306698
1310616170 306642
1311003592 304465
1311072020 306642
1311134876 304516
1311434158 304519
1311442635 304500
1311442636 304499
1311443620 304498
1311444675 304470
1311445591 304470
1311445593 304470
1311450465 304471
1311450467 304540
1311460525 304523
1311461034 304520
1311461293 304514
1311461912 304511
1311462268 304517
1311462457 304510
1311462517 304505
1311462594 304504
1311462703 304511
1311463048 304517
1311463138 304514
1311463367 304515
1311463472 304522
1311463638 304516
1311463670 304509
1311464124 304513
1311465051 304513
1311465833 304510
1311511632 304523
1311511706 304438
1311519784 304523
1311522407 304546
1311524815 304438
1311525869 304438
1311527927 304507
1311528020 304489
1311529905 304450
1311530070 304489
1311554470 304437
1311554508 304437
1311573132 304430
1311584266 306634
1311599331 304600
1311632608 304428
1311632849 304412
1311633269 304420
1311633603 304418
1311723252 304428
1311732679 306628
1311736753 306624
1311751538 306514
1311754576 306505
1311755222 306505
1311755516 306504
1311762709 304428
1311815531 306699
1312241247 304428
1312327580 304453
1312328159 304452
1312339322 306466
1312339378 306465
1312340187 306430
1312340495 306419
1312412512 306303
1312423810 306431
1312424893 306303
1312453114 306264
1312456540 306257
1312459990 306257
1312460351 306257
1312460517 306257
1312460602 306257
1312461356 306253
1312501640 306366
1312502042 306253
1312502685 306366
1312502950 306366
1312503185 306366
1312503723 306356
1312588165 306679
1312593870 306355
1312601493 306335
1312601920 306326
1312602390 306326
1312608578 306276
1312611591 306269
1312612777 306646
1312713146 306372
1312723246 304475
1312723490 304452
1312725807 304452
1312727693 304454
1312728107 304456
1312728950 304465
1312751170 304469
1312752209 304462
1312753263 304455
1312753513 304401
1312754298 304381
1312754457 304379
1312755391 304348
1312757158 304597
1312757736 304594
1312758181 304615
1312758892 304581
1312771587 306372
1312775794 306701
1312841582 304568
1312989093 306693
1313003984 306684
1313007945 306609
1313008636 306611
1313014187 306646
1313015690 304573
1313015729 304599
1313018181 304605
1313082396 306254
1313091662 306646
1313264928 303597
1313265961 306585
1313271756 306586
1313278808 306590
1313294079 306615
1313337593 306614
1313338672 306613
1313348700 308214
1313348750 308236
1313348807 308260
1313348858 308271
1313348895 308307
1313348976 308410
1313349002 308452
1313349104 308607
1313349143 308607
1313464195 306650
1313466186 306649
1313467000 306649
1313467647 306652
1313685826 307695
1313686149 307818
1313686223 307881
1313686558 307968
1313687080 308018
1313687337 308111
1313687453 308167
1313764681 306650
1313769865 306650
1313850014 306626
1313851379 306618
1313851520 306638
1313967999 306614
1314058223 306614
1314067616 306619
1314221740 306642
1314222623 306626
1314223348 306634
1314224053 306624
1314226665 306620
1314242734 306781
1314245215 306788
1314246735 306797
1314247236 306797
1314251828 306800
1314336142 307555
1314336143 307554
1314348979 306800
1314349085 307875
1314350015 307437
1314351752 307437
1314351929 307437
1314353263 307529
1314354011 307542
1314357171 307575
1314363442 307573
1314364865 307575
1314364867 307569
1314365285 307581
1314365952 307581
1314366069 307580
1314367494 307543
1314375536 307543
1314375671 307545
1314376759 307516
1314377402 307545
1314381315 307548
1314383332 307559
1314384522 307550
1314385529 307552
1314387028 307516
1314414832 307634
1314414886 307634
1314414945 307643
1314420064 307621
1314422908 307634
1314453200 307646
1314453727 307643
1314453875 307644
1314454402 307641
1314462465 307605
1314501881 308609
1314501944 308608
1314530771 307599
1314531341 307589
1314538338 309168
1314542626 307587
1314542796 307595
1314548225 307298
1314549306 307513
1314551840 308612
1314552355 308598
1314554235 308598
1314572544 308595
1314599368 308158
1314600321 308608
1314621030 308608
1314621427 308608
1314621818 308607
1314630751 308620
1314635791 308620
1314642889 308168
1314652477 308202
1314652675 308290
1314656573 308283
1314658932 308290
1314659074 308286
1314659075 308277
1314659772 308277
1314659918 308277
1314667919 308279
1314668018 308295
1314668706 308288
1314681182 308283
1314730698 308288
1314732133 308293
1314755982 308293
1314809249 308294
1314811590 308345
1314811682 308352
1314820653 308359
1314823436 308345
1314823569 308345
1314838618 308345
1314994744 308346
1315011824 308351
1315058801 308341
1315058802 308334
1315058803 308338
1315059558 308335
1315060724 308329
1315061773 308323
1315069404 308277
1315070025 308242
1315079650 308247
1315079753 308247
1315079816 308253
1315083042 309047
1315084199 308494
1315084355 308467
1315084375 309076
1315095146 308374
1315101378 308280
1315158044 308511
1315171445 308497
1315177359 308374
1315197373 308635
1315197774 308640
1315220247 308637
1315222054 308562
1315222631 308576
1315222873 308572
1315223352 308575
1315224047 308696
1315224603 308707
1315226074 308644
1315227236 308648
1315227848 308637
1315228041 308672
1315229163 308643
1315230780 308647
1315232673 308699
1315233470 308692
1315233574 308682
1315233987 308679
1315234174 308679
1315234547 308713
1315235135 308686
1315235497 308713
1315235890 308713
1315237338 308713
1315237379 308706
1315240125 308713
1315240874 308713
1315241054 308712
1315241437 308712
1315241943 308712
1315242271 308692
1315250295 308690
1315252085 308690
1315252224 308685
1315259737 308738
1315260585 308703
1315263830 308684
1315264971 308710
1315268305 308686
1315288593 308738
1315366757 308751
1315427030 308820
1315517473 309457
1315529946 308823
1315530024 317377
1315587498 308822
1315602743 309408
1315635341 314989
1315637221 314988
1315638141 315000
1315722483 308860
1315723270 308872
1315723317 308882
1315745640 308882
1315755299 308882
1315788587 308880
1315789573 308880
1315793445 308896
1315843285 314967
1315872105 308688
1315873307 308686
1315893339 308690
1315937702 309336
1316032827 309337
1316033371 309306
1316033908 309350
1316037722 309335
1316039265 309363
1316042657 309404
1316102775 309363
1316109452 309413
1316114607 309415
1316125953 309416
1316128052 309410
1316149232 309422
1316149260 309429
1316150605 309442
1316196484 309442
1316230241 309454
1316267561 309457
1316268789 309457
1316272139 309463
1316292617 309410
1316294913 309419
1316366455 309419
1316367481 309418
1316373058 314994
1316373198 314994
1316375553 314995
1316397292 314901
1316398503 314901
1316427409 314995
1316735466 314996
1316735772 314995
1316803458 314993
1317309042 314996
1317312047 314963
1317313406 314976
1317333730 314981
1317333731 314949
1317333732 314947
1317333733 314938
1317333734 314945
1317334336 315107
1317464537 315107
1317469919 315110
1317469921 315112
1317493294 315107
1317493295 315032
1317493296 314895
1317493297 314832
1317493298 314820
1317493299 314823
1317493300 314794
1317493301 314797
1317578158 315189
1317676168 314813
1317851720 314890
1318368705 314901
1319134474 314891
1319139061 314888
1319139301 314889
1319397204 314882
1319397547 314882
1319664938 314964
1320618838 314977
1320618886 314978
1321062107 314978
1321220786 315000
1321220819 315000
1321220912 315099
1321224255 315099
1321226867 314989
1321227011 315099
1321227039 315099
1321227551 315099
1321228207 315099
1321229433 315102
1321229530 315102
1321230032 315103
1321230167 315101
1321231117 315124
1321434066 315197
1321467019 314989
1321746385 315189
1321750440 315194
1321751137 315194
1321751493 315198
1321776390 315198
1321777454 315198
1322252020 315211
1322252136 315206
1322252605 315206
1323671905 334132
1324219643 314567
1324313274 315274
1324313331 315182
1324405337 315191
1324412352 315202
1324413455 315208
1324414513 315210
1324423231 315212
1324429710 315237
1324598511 315235
1324598534 315256
1324676257 315249
1324683372 315243
1324683478 314581
1324685547 315226
1324687507 314567
1324688065 314568
1324688756 314568
1324690439 314568
1324690834 314568
1324691042 314568
1324740541 314543
1324741092 314542
1324746844 314547
1324747495 314542
1324768341 314567
1324774073 314566
1324775457 314578
1324916812 314578
1324948289 314585
1325633661 314582
1326310046 316769
1326407380 314584
1327087888 314565
1327181183 314568
1327239007 314585
1328496710 314683
1329523739 314646
1329857219 314659
1330711542 314660
1330715021 314656
1330715096 314657
1331064852 314656
1332014709 314658
1332782137 314658
1332782461 314658
1332782966 314658
1332783073 314658
1332783459 314657
1332793020 314659
1332890891 314671
1332891776 314667
1332956455 314770
1332957441 314654
1332961069 314655
1332987328 314774
1332991708 314799
1332992364 314799
1332996169 314799
1332997381 314810
1333050435 314811
1333054244 314815
1333062346 314812
1333063306 314810
1334777151 316771
1337975806 314810
1339702220 314983
1341598025 314983
1341605087 314982
1341605305 314982
1341721895 315011
1341779217 315039
1342374939 315103
1342379328 315113
1343816923 317063
1344812055 316752
1344820499 315192
1344865799 333798
1344935879 331891
1345406353 315181
1345474535 315181
1345481694 315188
1345492904 315189
1345496787 315202
1345635052 315204
1345635156 315203
1345635855 315208
1345637563 315206
1345637794 315206
1345637950 315205
1345638336 315207
1346018999 315344
1346019297 315345
1346019954 315337
1346022974 315308
1346353838 315369
1346354199 315369
1346360547 315372
1346714434 315388
1347199695 315388
1347200286 315388
1347556608 332372
1347635944 334131
1351441331 315388
1351766804 315531
1351767091 315530
1351769291 315547
1351770783 316126
1351797993 316784
1351800559 315553
1351804849 315563
1352404495 316810
1352585889 316138
1352585994 317002
1352586033 317073
1352586078 317367
1352606864 317378
1352607855 317377
1352608808 317394
1352787452 317392
1352795545 317394
1352851040 317361
1352851686 317390
1352852661 317368
1352927845 317362
1352934178 317362
1352937230 317360
1352938505 317420
1352943798 317418
1352960644 317418
1353258242 317423
1353271436 317423
1353365263 317422
1353365477 317422
1353366108 317429
1353367160 317427
1353367697 317422
1353377018 317425
1353381531 317427
1353438123 317063
1353529596 317077
1353529850 317063
1353547102 317024
1353618836 317024
1353618978 317026
1353626139 317027
1353626308 316900
1353639476 316901
1353764302 316910
1353783239 316904
1354387649 323167
1354387779 319624
1354391445 319633
1354398979 316751
1354453342 316911
1354454423 316918
1354455020 316918
1354457025 316924
1354457610 316921
1354477944 323208
1354478124 323219
1354569633 323219
1354890718 316925
1355359431 316938
1355361317 316965
1355363306 316952
1355510935 316963
1355511300 316964
1355513406 316965
1355514107 316969
1355514839 316970
1355516249 316968
1355596794 316952
1355596944 316833
1355597542 316833
1355700429 316833
1355702358 316834
1355794887 316835
1355796652 316825
1355796770 316803
1355878403 316799
1355880908 316749
1356190910 316801
1356191515 316799
1356194730 316781
1356195622 316779
1356196164 316771
1356197692 316788
1356199154 316782
1356199877 316784
1356200336 316772
1356205810 316778
1356207319 316778
1356208381 316755
1356208509 316772
1356213138 316796
1356222388 316765
1356229427 316749
1356229973 316749
1356278645 316660
1356284607 316656
1356301023 316660
1356308182 316650
1356309933 316751
1356310246 316683
1356313398 316626
1356315049 316639
1356315267 316674
1356439246 316752
1356443265 316683
1356636791 316638
1356865001 316748
1356865471 316734
1356879307 316868
1357055053 316752
1357068638 316741
1357083780 316745
1357178159 316740
1357178490 316740
1357178665 316743
1357180024 316740
1357180185 316741
1357180677 316742
1357180894 316743
1357181897 316742
1357184373 316739
1357185876 316750
1357232013 316745
1357232160 316743
1357238681 316762
1357240448 316764
1357240805 316770
1357243067 316751
1359575164 323240
1359836270 323168
1359909134 323168
1365844638 316783
1366367136 316785
1366367137 316796
1366367138 316794
1371587474 316794
1371888695 316794
1373916231 316794
1375289067 316797
1375382958 316811
1375547388 316867
1378122268 319693
1381418333 316880
1381418448 316880
1382892820 316880
1389510622 323201
1389510670 323204
1389854573 319693
1390043313 319624
1390046050 323215
1390211989 319633
1390644269 322096
1390676477 323207
1390723151 322891
1390723882 323217
1390737028 323208
1390988630 323220
1390991854 323221
1390992066 323220
1390992510 323221
1391071353 323223
1391188158 323241
1391191124 323241
1391197267 323241
1391201813 323241
1391254604 323241
1391403219 323241
1391405088 323241
1391414376 325337
1393147092 325084
1393172822 330097
1395010785 325082
1395025207 328224
1397763568 328267
1398294845 328246
1398296836 328261
1398298293 328267
1398538745 328269
1399112722 328273
1400269633 328263
1400269642 328265
1400269649 328265
1400269654 328266
1400563716 334149
1400791855 328267
1402053533 330098
1402250604 330098
1402613485 330098
1402621073 330098
1403813560 330113
1403814104 330105
1403821915 330098
1403822842 330105
1403829418 330124
1403829634 330127
1403980995 330114
1403981266 330106
1403986561 330086
1403987288 330084
1404426762 330116
1404428110 330095
1404428711 330095
1404429136 330095
1404430020 330029
1404430265 330097
1404431714 330100
1404434702 329995
1404439441 329995
1404439479 329994
1404574614 329985
1404576848 329999
1404857100 303713
1405015095 329982
1410373593 329983
1410373837 329791
1410375327 329793
1410376136 329818
1414593790 329900
1415766791 329904
1415799751 329904
1418070748 331928
1418072106 331928
1418151193 329905
1420127836 329906
1420130127 329907
1420131307 329907
1420239348 329907
1420286239 329907
1420286922 329906
1420287099 329901
1420287184 329899
1420289506 329895
1420289552 329899
1420289758 329899
1420289846 329895
1420295093 329904
1420328976 329762
1420656112 329762
1420714270 329778
1420750343 329762
1420906533 329762
1420906775 329762
1420908406 329729
1420980466 329766
1420986345 329774
1420986636 329766
1420986979 329771
1420987341 329776
1420990661 329777
1420990722 329777
1420990758 329777
1421624066 331654
1423190136 329879
1423192326 329876
1423232843 329935
1424293759 329933
1425069433 329933
1425069777 329936
1429031342 329934
1429041503 331843
1435331858 329934
1436991699 331665
1436995177 331668
1437397336 331735
1437504715 331733
1437508124 331764
1437508146 331768
1437677559 331770
1437677572 331771
1437693003 331845
1439913713 331846
1439923049 331845
1439938298 331867
1439998930 331845
1439999928 331843
1440272351 332226
1440319017 331884
1440320827 332237
1440325829 332243
1440326171 332244
1440347499 332284
1440359340 331896
1440428740 332378
1440429892 333225
1440446932 332327
1440447550 331964
1440531429 334131
1440615307 331969
1440618752 331987
1440670560 332303
1440695689 332324
1440697831 332366
1440722785 332561
1440788986 332561
1440800452 332569
1440801933 332563
1440838243 332574
1440844420 332606
1440846542 332604
1440846840 332360
1440848213 332361
1440848618 332362
1440862504 332358
1440863956 332357
1440874089 332379
1440887139 334157
1440932731 334150
1440952678 333805
1440953498 334152
1440964727 334205
1440965995 333809
1440966364 333822
1441025308 334200
1441042553 334190
1441044826 334193
1441050888 334148
1441107731 334148
1441112690 334157
1441196083 333734
1441200571 333734
1441206750 333748
1441374633 303426
1441375854 303410
1441384231 333748
1441388628 333742
1441404406 333740
1441409792 333740
1441453623 333746
1441458523 333795
1441545415 333793
1441549222 333795
1441606246 333834
1441627708 333861
1441635603 334154
1441641691 333835
1441653523 333845
1441660199 333863
1441702449 333863
1441732328 333882
1441733125 333889
1441733540 333901
1441734312 333911
1441741205 334192
1441749790 335067
1441790117 334059
1441795617 334052
1441795672 334104
1441804423 334110
1441806198 334059
1441830871 334018
1441881880 334047
1441892410 334046
1441956952 334006
1441968462 334086
1441969137 334082
1441978346 334161
1442007762 334204
1442082361 334161
1442096321 334193
1442117399 334195
1442117432 334196
1442137907 334214
1442141453 334228
1442143360 334160
1442147225 334179
1442173330 303408
1442176129 303399
1442178826 303410
1442255172 303404
1442255773 303415
1442258420 303424
1442266745 303310
1442311364 303311
1442318561 303415
1442326117 303413
1442409392 303422
1442598416 303739
1442607607 303326
1442863236 305894
1442913219 305894
1442915033 305897
1442938629 303383
1442939751 303389
1442939786 303395
1443026033 306092
1443033630 305885
1443039055 306088
1443129817 306133
1443130454 306133
1443179083 306132
1443182028 306133
1443185535 306133
1443274529 303404
1443275737 303404
1443345395 303711
1443365544 303714
1443374778 303714
1443389914 303761
1443392074 303764
1443464394 330381
1443572151 328340
1443574114 306169
1443830712 331027
1444841979 328574
1445683268 328578
1445703487 310324
1445708930 310330
1445715955 310331
1445716040 321610
1445716110 328129
1445717311 328130
1445717418 328148
1446097993 328337
1447393728 330633
1447499868 330639
1448106855 328575
1448108494 328578
1448971766 328342
1450325250 328565
1450326586 328569
1450660101 330998
1451063475 383103
1451234152 328569
1451244601 328612
1451244799 328839
1451490780 328839
1451856145 330641
1451862037 328839
1452284095 330746
1452535167 331107
1452626480 328854
1452823747 331034
1453036197 328859
1453538714 328899
1453573140 328904
1453670460 328916
1453671066 328926
1454962766 328930
1454963086 328934
1454963780 328949
1455055042 328926
1455055388 328953
1455136103 328963
1455138518 328969
1455141852 328970
1455227741 328980
1455307070 329040
1455386337 329051
1455388685 329090
1455446578 329141
1455653065 329150
1455737661 329155
1455866132 329158
1455866295 329208
1455909697 330824
1455958052 330332
1456037699 329208
1456057476 330360
1456066019 329400
1456066109 329570
1456066376 329782
1456066557 329957
1456067840 330132
1456068414 330314
1456559653 330383
1456559674 330406
1456868016 330394
1456868344 330420
1457040677 331005
1457041808 331012
1457097247 330820
1457286874 331753
1457288805 330422
1457299715 330422
1457303105 383126
1457384086 330823
1457802785 330382
1457883474 330888
1457883760 330903
1457885830 330918
1457896572 330919
1457898224 330925
1457898308 330930
1458065409 330936
1458068955 330954
1458069985 330974
1458070273 330975
1458071258 330988
1458983711 330382
1458984952 330382
1459686176 330383
1460644198 330382
1461519947 330826
1461991079 331062
1462036480 331077
1462340081 331090
1462606239 331103
1462739462 331151
1462954025 331171
1463043356 331103
1463306760 331215
1463329764 331236
1463382057 331252
1463384737 331316
1463389951 331339
1464286914 331107
1464365945 331107
1464535730 331107
1464540921 331108
1466568117 331108
1468440003 331362
1468525701 331385
1468692626 331417
1468749497 331447
1468775648 331468
1468793715 331516
1468793848 331529
1469355438 331616
1469569557 331660
1469657012 331740
1469689790 331753
1469823346 378552
1469873450 332613
1470255635 331755
1472349709 332552
1472503054 332546
1472746075 331756
1472869941 331756
1473177881 331756
1473712554 331757
1475472647 331757
1475951035 331808
1475953132 331763
1476651105 331809
1477257691 332553
1477260519 332546
1477260793 332547
1478382742 332614
1478388249 332852
1478448355 332621
1478460701 332621
1478852619 332740
1478953101 332748
1479241826 332810
1479854349 332815
1480146058 332842
1480189319 332852
1480189945 332852
1480262547 332852
1480277200 332852
1480278801 332861
1480278833 332864
1480455469 332857
1482625584 364021
1482625630 364021
1482626477 364021
1482626828 364022
1482628988 364023
1482629049 364024
1483135983 361910
1483206572 363637
1483215955 363653
1483217241 363637
1483372184 332865
1483372281 332865
1483372318 332865
1483461579 363637
1483462315 363637
1483552345 363634
1483552400 363636
1483552834 363641
1483740331 363641
1483741206 363891
1483741851 364018
1483742223 364020
1483742252 364021
1483907616 381578
1484027198 368813
1484030773 368819
1484056237 368835
1484056844 368835
1484084457 368836
1484174720 365619
1484174873 365619
1484418262 365690
1484418401 368744
1484418539 368744
1484419287 368701
1484421833 368710
1484426555 368713
1484435473 368803
1484437382 368805
1484437669 368808
1484443356 368808
1484473369 368840
1484477059 368840
1484491107 368854
1484491388 368856
1484493188 368864
1484494733 368865
1484506032 368922
1484506164 368922
1484532992 368925
1484599889 371963
1484834443 371963
1484936302 371963
1485113624 382351
1485278655 372044
1485280653 371964
1485280790 371964
1485282225 371966
1485625635 371963
1485625748 371963
1485625967 371963
1485626025 371963
1486151149 380187
1486468514 371994
1486468644 372004
1486504679 372028
1486604117 372028
1486648385 372096
1486734869 371971
1486735418 372011
1486735707 372006
1486736032 372046
1486736210 372038
1486837821 371739
1486845626 380188
1486919973 371963
1487016633 371739
1487272857 371739
1487279819 378562
1487295426 389339
1487297406 378562
1487298976 389341
1487446670 378562
1487449555 381546
1487522405 381546
1487528094 380923
1487532713 380916
1487617237 380194
1487744351 380322
1487806853 380425
1487807209 380360
1488042103 380360
1488042168 380364
1488042296 380364
1488042380 380411
1488042627 380495
1488042749 380538
1488043443 380832
1488044158 380886
1488044291 380919
1488053497 380920
1488053963 380916
1488068008 380916
1488240028 380916
1488243656 380916
1489267367 389349
1489948612 381578
1490140384 380928
1490140537 380945
1490140620 381078
1490879001 381095
1492120042 381095
1492640322 381110
1493600324 381116
1493600430 381527
1493713473 381571
1493718348 381584
1493893939 382367
1494030997 382379
1494175521 382130
1494676378 382346
1494676445 382346
1494676483 382346
1494681684 382346
1494686788 382345
1495257623 382345
1495257652 382345
1495282743 382347
1495282937 382346
1495285590 382130
1495998404 382345
1496839100 382379
1498414772 382379
1498428076 382393
1500198889 382395
1500324706 382399
1501354131 382416
1501437888 382549
1501438323 382550
1501439861 382555
1501439887 382556
1501443977 382557
1501444431 382693
1501444766 382760
1503000503 382463
1503055756 382528
1503833820 382399
1503862891 382764
1503868688 382745
1503927517 382746
1504213628 383041
1504806924 383041
1504807083 383041
1504807623 383041
1504809336 383041
1504813771 383058
1504814946 383087
1504891708 383093
1504892065 383093
1505667207 383093
1506256924 383070
1506257851 383071
1506259485 383126
1506265264 383140
1506268780 383153
1506277628 383145
1506800425 383126
1506800714 383126
1506850674 383092
1507053779 383145
1509116799 383145
1509301092 383103
1509306024 388934
1509404881 383124
1509404897 383129
1509569630 383147
1509569662 383153
1509571643 383207
1509904224 383244
1509904595 383276
1510277173 388935
1511599185 383286
1511599804 383296
1511606962 383306
1511607349 383316
1511608083 383326
1511608210 383336
1511609640 383346
1511610345 383346
1511615117 383356
1511616029 383366
1511616342 383376
1511624862 383386
1512521696 385338
1514669413 385553
1514675771 385551
1516053095 385555
1516133243 386735
1516560853 383387
1516561415 383394
1516917612 386735
1517008866 386789
1517043768 388485
1517043860 388485
1517076876 388501
1517090173 388937
1517155664 388503
1517155690 388508
1517155721 388601
1517156008 388893
1517170328 388893
1517868747 388948
1517870897 388964
1517871419 388970
1517945362 388999
1517954272 389152
1518307801 388895
1519162518 389168
1519239596 389191
1519240321 389206
1519242379 389226
1519242570 389224
1519247239 389224
1519328866 389276
1519330022 389287
1519335912 389286
1519368967 389338
1519488244 388940
1519489711 388942
1519599694 389339
1520199845 389344
1520578788 389339
1521991889 389340
1522076771 389358
1522177291 389304
1522277878 389305
1522278115 389323
1522963133 389323
1522963267 389325
1523093877 389330
1523093988 389456
1523098221 389323
1523101588 389649
1523173250 389649
1523173604 389649
1523230930 389649
1523458420 389769
1523482425 389760
1523482598 389764
1523482658 389766
1523482718 389766
1523482851 389769
1523482936 389769
1523800030 389769
1523822374 391180
1523823490 389769
1525034565 389769
1525080639 390780
1525233176 390789
1526200949 390791
1526201064 390796
1526213859 390978
1526217213 390859
1526240089 390980
1526251644 403201
1526725878 391067
1526731377 391071
1526733224 391115
1526735148 391169
1526741233 391165
1526741665 391178
1526748353 403184
